50.0 0.1 2.0 0.7983558172237417 0.7953365473762285 0.796949608270363
50.0 0.1 4.0 0.8017863489561603 0.7984887817541257 0.8010291595197255
50.0 0.1 6.0 0.8048460123931822 0.802753569441869 0.804135181493672
50.0 0.1 8.0 0.8054641262188432 0.8049786760615613 0.806314032729127
50.0 0.1 10.0 0.8080292985953363 0.8056740218802151 0.8072412034676185
50.0 0.30000000000000004 2.0 0.7988503082842705 0.7973298720563694 0.7974595521765333
50.0 0.30000000000000004 4.0 0.8018481603387264 0.7981179306508437 0.8031152936813314
50.0 0.30000000000000004 6.0 0.8031152936813314 0.8025681438902281 0.8033007278290297
50.0 0.30000000000000004 8.0 0.8053559562993525 0.805117745225292 0.8064067498029762
50.0 0.30000000000000004 10.0 0.8067467124070897 0.8055813091043946 0.8060822400445042
50.0 0.5000000000000001 2.0 0.7980004017739867 0.7957537548674207 0.7987112326734969
50.0 0.5000000000000001 4.0 0.8015545562715374 0.8000648989430743 0.8001483473181586
50.0 0.5000000000000001 6.0 0.8043051627957288 0.8026608566660486 0.8024662741643873
50.0 0.5000000000000001 8.0 0.8055722961383339 0.8043296866308177 0.8058504473598813
50.0 0.5000000000000001 10.0 0.8056186546752584 0.8046541813461895 0.8058504473598813
50.0 0.7000000000000001 2.0 0.7980467603109113 0.7966808826256259 0.7981085716934774
50.0 0.7000000000000001 4.0 0.8011682351304993 0.7998794733914334 0.8015391034258958
50.0 0.7000000000000001 6.0 0.8026826140033687 0.8009920267012794 0.8033007278290297
50.0 0.7000000000000001 8.0 0.8040270115741814 0.8030317077693306 0.8040424644198229
50.0 0.7000000000000001 10.0 0.8052786920711449 0.8032171333209717 0.8035788790505771
50.0 0.9000000000000001 2.0 0.7975831749416655 0.7956610420916003 0.796949608270363
50.0 0.9000000000000001 4.0 0.7992829879622333 0.7989523456332283 0.8004728570766306
50.0 0.9000000000000001 6.0 0.8036870489700678 0.800713888373818 0.8033934449028789
50.0 0.9000000000000001 8.0 0.8045060497890687 0.8023827183385871 0.8029298595336332
50.0 0.9000000000000001 10.0 0.8039961058828984 0.8032171333209717 0.8047378424736915
150.0 0.1 2.0 0.8013227635869146 0.7976543667717412 0.7978304204719299
150.0 0.1 4.0 0.8052941449167864 0.7998794733914334 0.803161652218256
150.0 0.1 6.0 0.807225750621977 0.8047468941220101 0.8071484863937695
150.0 0.1 8.0 0.8093273376292244 0.8056740218802151 0.8079365815214872
150.0 0.1 10.0 0.8103626782872065 0.8059058038197664 0.8078902229845626
150.0 0.30000000000000004 2.0 0.8017245375735942 0.7968199517893566 0.79945296926429
150.0 0.30000000000000004 4.0 0.8048614652388237 0.8008529575375487 0.8032080107551806
150.0 0.30000000000000004 6.0 0.8078593172932795 0.8030317077693306 0.8061749571183533
150.0 0.30000000000000004 8.0 0.809049186407677 0.8059058038197664 0.8064067498029762
150.0 0.30000000000000004 10.0 0.8086319595753558 0.8060912293714074 0.8076584302999398
150.0 0.5000000000000001 2.0 0.8016627261910281 0.7967735954014463 0.8006119326874044
150.0 0.5000000000000001 4.0 0.8048460123931822 0.8012238086408308 0.8043206156413704
150.0 0.5000000000000001 6.0 0.8060513343532212 0.8038661227517152 0.8048305595475407
150.0 0.5000000000000001 8.0 0.8071021278568449 0.8039124791396255 0.805665013212183
150.0 0.5000000000000001 10.0 0.8089410164881863 0.8054422399406638 0.8069630522460711
150.0 0.7000000000000001 2.0 0.8018790660300095 0.7977007231596513 0.7988039497473459
150.0 0.7000000000000001 4.0 0.8032543692921051 0.8005284628221769 0.8035325205136525
150.0 0.7000000000000001 6.0 0.8059431644337305 0.8029853513814204 0.8045060497890687
150.0 0.7000000000000001 8.0 0.8075039018435245 0.8045151121824587 0.8054795790644848
150.0 0.7000000000000001 10.0 0.80908009209896 0.8043296866308177 0.8059895229706551
150.0 0.9000000000000001 2.0 0.7993757050360824 0.7983033562024847 0.7988966668211951
150.0 0.9000000000000001 4.0 0.8032389164464636 0.8000185425551641 0.801956330258217
150.0 0.9000000000000001 6.0 0.8049696351583144 0.8029853513814204 0.8030225766074822
150.0 0.9000000000000001 8.0 0.8056341075208999 0.8033098460967921 0.8045987668629178
150.0 0.9000000000000001 10.0 0.807519354689166 0.8047005377340998 0.8057113717491076
250.0 0.1 2.0 0.8010755180566501 0.7964954570739848 0.799128459505818
250.0 0.1 4.0 0.8059431644337305 0.8007602447617281 0.804366974178295
250.0 0.1 6.0 0.8079829400584118 0.8031707769330614 0.8058504473598813
250.0 0.1 8.0 0.8091419034815261 0.8050713888373818 0.8076584302999398
250.0 0.1 10.0 0.8094664132399981 0.8062766549230483 0.8081220156691855
250.0 0.30000000000000004 2.0 0.802543538392595 0.7975152976080104 0.7987112326734969
250.0 0.30000000000000004 4.0 0.8056186546752584 0.8017337289078434 0.8037643131982755
250.0 0.30000000000000004 6.0 0.8078284116019965 0.8036343408121639 0.8043206156413704
250.0 0.30000000000000004 8.0 0.8087401294948465 0.8048859632857408 0.8080292985953363
250.0 0.30000000000000004 10.0 0.8088173937230541 0.805117745225292 0.8071948449306939
250.0 0.5000000000000001 2.0 0.8023735570905383 0.7969126645651771 0.7997311204858375
250.0 0.5000000000000001 4.0 0.8045369554803518 0.8004821064342666 0.8026517083120857
250.0 0.5000000000000001 6.0 0.8075811660717321 0.802753569441869 0.8056186546752584
250.0 0.5000000000000001 8.0 0.8086628652666389 0.8044687557945485 0.806870335172222
250.0 0.5000000000000001 10.0 0.8090955449446016 0.8063230113109586 0.8062213156552779
250.0 0.7000000000000001 2.0 0.8015545562715374 0.7978397923233822 0.8001947058550832
250.0 0.7000000000000001 4.0 0.8034707091310865 0.8008993139254589 0.8032080107551806
250.0 0.7000000000000001 6.0 0.8069321465547881 0.8022436491748562 0.8049696351583144
250.0 0.7000000000000001 8.0 0.8075039018435245 0.8031707769330614 0.8052941449167864
250.0 0.7000000000000001 10.0 0.808786488031771 0.8053495271648433 0.8062676741922025
250.0 0.9000000000000001 2.0 0.8007201026068951 0.7972835156684591 0.7984330814519494
250.0 0.9000000000000001 4.0 0.8028835009967086 0.7997404042277025 0.8020490473320662
250.0 0.9000000000000001 6.0 0.8049696351583144 0.8024290747264973 0.8037179546613509
250.0 0.9000000000000001 8.0 0.806870335172222 0.8025681438902281 0.8047842010106161
250.0 0.9000000000000001 10.0 0.8073648262327507 0.804561468570369 0.8052941449167864
350.0 0.1 2.0 0.802868048151067 0.7971908028926386 0.7991748180427426
350.0 0.1 4.0 0.8062213156552779 0.8010383830891897 0.8038106717352
350.0 0.1 6.0 0.8084928839645821 0.8040515483033562 0.8053868619906356
350.0 0.1 8.0 0.8093427904748659 0.8051641016132023 0.8077975059107134
350.0 0.1 10.0 0.8099763571461684 0.8066475060263304 0.807519354689166
350.0 0.30000000000000004 2.0 0.8027289725402933 0.798349712590395 0.7991748180427426
350.0 0.30000000000000004 4.0 0.8057113717491076 0.8013628778045615 0.8031152936813314
350.0 0.30000000000000004 6.0 0.8077975059107134 0.8031707769330614 0.805340503453711
350.0 0.30000000000000004 8.0 0.8086937709579219 0.8046541813461895 0.8073802790783923
350.0 0.30000000000000004 10.0 0.8090646392533185 0.807667346560356 0.8081683742061101
350.0 0.5000000000000001 2.0 0.8033779920572374 0.7989987020211385 0.79945296926429
350.0 0.5000000000000001 4.0 0.8061131457357873 0.8006211755979974 0.8046451253998423
350.0 0.5000000000000001 6.0 0.8079829400584118 0.8036343408121639 0.8045524083259933
350.0 0.5000000000000001 8.0 0.8074729961522414 0.8048396068978305 0.8071948449306939
350.0 0.5000000000000001 10.0 0.8090955449446016 0.8059058038197664 0.8067312595614482
350.0 0.7000000000000001 2.0 0.8016163676541035 0.7984424253662155 0.7992211765796672
350.0 0.7000000000000001 4.0 0.8043360684870119 0.8008993139254589 0.8027444253859348
350.0 0.7000000000000001 6.0 0.8063603912660516 0.8025217875023178 0.8040888229567474
350.0 0.7000000000000001 8.0 0.8083229026625253 0.8038197663638049 0.8054795790644848
350.0 0.7000000000000001 10.0 0.808724676649205 0.8060912293714074 0.8067312595614482
350.0 0.9000000000000001 2.0 0.8014309335064052 0.7977934359354719 0.799128459505818
350.0 0.9000000000000001 4.0 0.8030843879900483 0.7999721861672539 0.8022808400166891
350.0 0.9000000000000001 6.0 0.8061904099639948 0.8020582236232153 0.8033470863659543
350.0 0.9000000000000001 8.0 0.8064531083399008 0.8029389949935101 0.8046914839367669
350.0 0.9000000000000001 10.0 0.8082610912799592 0.8048859632857408 0.8048305595475407
450.0 0.1 2.0 0.8024353684731044 0.796541813461895 0.7982476473042511
450.0 0.1 4.0 0.8061285985814288 0.8007602447617281 0.8041815400305966
450.0 0.1 6.0 0.8082301855886762 0.8027999258297793 0.8060822400445042
450.0 0.1 8.0 0.8091109977902431 0.8053958835527536 0.8076120717630152
450.0 0.1 10.0 0.8099454514548854 0.8072501390691638 0.8080292985953363
450.0 0.30000000000000004 2.0 0.8031461993726144 0.7980252178750232 0.7994993278012146
450.0 0.30000000000000004 4.0 0.8061131457357873 0.8022436491748562 0.8031152936813314
450.0 0.30000000000000004 6.0 0.8079983929040533 0.8028462822176896 0.8057577302860321
450.0 0.30000000000000004 8.0 0.8086165067297143 0.8047932505099202 0.8070094107829957
450.0 0.30000000000000004 10.0 0.8101926969851498 0.8059058038197664 0.807519354689166
450.0 0.5000000000000001 2.0 0.8021263115602738 0.7989987020211385 0.800426498539706
450.0 0.5000000000000001 4.0 0.8050005408495975 0.8008993139254589 0.8032080107551806
450.0 0.5000000000000001 6.0 0.8075811660717321 0.8030780641572409 0.8054332205275602
450.0 0.5000000000000001 8.0 0.80908009209896 0.8048859632857408 0.8052477863798618
450.0 0.5000000000000001 10.0 0.8103008669046405 0.8055349527164843 0.8070094107829957
450.0 0.7000000000000001 2.0 0.8024353684731044 0.7986742073057668 0.8007510082981781
450.0 0.7000000000000001 4.0 0.8048460123931822 0.8011310958650102 0.8033470863659543
450.0 0.7000000000000001 6.0 0.8062058628096364 0.8026145002781383 0.8052014278429372
450.0 0.7000000000000001 8.0 0.809049186407677 0.804376043018728 0.8058040888229567
450.0 0.7000000000000001 10.0 0.8094664132399981 0.8047932505099202 0.8058968058968059
450.0 0.9000000000000001 2.0 0.80127640504999 0.7970980901168181 0.7990821009688934
450.0 0.9000000000000001 4.0 0.8037643131982755 0.7992304839606897 0.8019099717212925
450.0 0.9000000000000001 6.0 0.8060513343532212 0.8016873725199333 0.8033007278290297
450.0 0.9000000000000001 8.0 0.807812958756355 0.8035879844242536 0.8039497473459738
450.0 0.9000000000000001 10.0 0.8089255636425448 0.8044687557945485 0.8053868619906356